size REAL(fa(180))IMAG(fa(180))REAL(fb(180))IMAG(fb(180)) REAL(fa(0))  IMAG(fa(0))  REAL(fb(0))  IMAG(fb(0))
 0.05  0.51994E-07  0.39339E-09  0.51994E-07  0.39339E-09  0.51994E-07  0.39353E-09  0.51994E-07  0.39353E-09
 0.15  0.14038E-05  0.10608E-07  0.14038E-05  0.10608E-07  0.14039E-05  0.10640E-07  0.14039E-05  0.10640E-07
 0.25  0.64985E-05  0.48980E-07  0.64985E-05  0.48980E-07  0.65004E-05  0.49396E-07  0.65004E-05  0.49396E-07
 0.35  0.17832E-04  0.13391E-06  0.17825E-04  0.13379E-06  0.17843E-04  0.13615E-06  0.17835E-04  0.13603E-06
 0.45  0.37896E-04  0.28313E-06  0.37874E-04  0.28279E-06  0.37934E-04  0.29101E-06  0.37911E-04  0.29067E-06
 0.55  0.69197E-04  0.51381E-06  0.69096E-04  0.51230E-06  0.69299E-04  0.53534E-06  0.69198E-04  0.53380E-06
 0.65  0.11425E-03  0.84222E-06  0.11391E-03  0.83713E-06  0.11449E-03  0.89196E-06  0.11415E-03  0.88674E-06
 0.75  0.17559E-03  0.12835E-05  0.17469E-03  0.12702E-05  0.17607E-03  0.13856E-05  0.17517E-03  0.13718E-05
 0.85  0.25576E-03  0.18517E-05  0.25375E-03  0.18220E-05  0.25666E-03  0.20432E-05  0.25465E-03  0.20122E-05
 0.95  0.35733E-03  0.25592E-05  0.35336E-03  0.25006E-05  0.35891E-03  0.28946E-05  0.35493E-03  0.28327E-05
 1.05  0.48290E-03  0.34167E-05  0.47570E-03  0.33110E-05  0.48552E-03  0.39726E-05  0.47828E-03  0.38596E-05
 1.15  0.63508E-03  0.44330E-05  0.62288E-03  0.42551E-05  0.63923E-03  0.53137E-05  0.62696E-03  0.51210E-05
 1.25  0.81652E-03  0.56145E-05  0.79695E-03  0.53312E-05  0.82284E-03  0.69588E-05  0.80314E-03  0.66471E-05
 1.35  0.10299E-02  0.69652E-05  0.99987E-03  0.65337E-05  0.10392E-02  0.89532E-05  0.10090E-02  0.84706E-05
 1.45  0.12779E-02  0.84859E-05  0.12335E-02  0.78533E-05  0.12913E-02  0.11348E-04  0.12465E-02  0.10627E-04
 1.55  0.15633E-02  0.10174E-04  0.14996E-02  0.92758E-05  0.15821E-02  0.14199E-04  0.15178E-02  0.13155E-04
 1.65  0.18888E-02  0.12025E-04  0.18000E-02  0.10783E-04  0.19147E-02  0.17571E-04  0.18248E-02  0.16096E-04
 1.75  0.22573E-02  0.14026E-04  0.21361E-02  0.12351E-04  0.22922E-02  0.21535E-04  0.21694E-02  0.19497E-04
 1.85  0.26715E-02  0.16164E-04  0.25096E-02  0.13952E-04  0.27179E-02  0.26169E-04  0.25535E-02  0.23409E-04
 1.95  0.31344E-02  0.18419E-04  0.29218E-02  0.15552E-04  0.31952E-02  0.31562E-04  0.29790E-02  0.27885E-04
 2.05  0.36489E-02  0.20764E-04  0.33740E-02  0.17112E-04  0.37275E-02  0.37812E-04  0.34475E-02  0.32986E-04
 2.15  0.42177E-02  0.23168E-04  0.38677E-02  0.18584E-04  0.43182E-02  0.45030E-04  0.39609E-02  0.38779E-04
 2.25  0.48440E-02  0.25589E-04  0.44038E-02  0.19919E-04  0.49712E-02  0.53338E-04  0.45208E-02  0.45335E-04
 2.35  0.55308E-02  0.27982E-04  0.49834E-02  0.21058E-04  0.56901E-02  0.62872E-04  0.51289E-02  0.52734E-04
 2.45  0.62809E-02  0.30288E-04  0.56077E-02  0.21934E-04  0.64788E-02  0.73782E-04  0.57868E-02  0.61061E-04
 2.55  0.70975E-02  0.32442E-04  0.62774E-02  0.22477E-04  0.73413E-02  0.86236E-04  0.64962E-02  0.70409E-04
 2.65  0.79837E-02  0.34365E-04  0.69934E-02  0.22605E-04  0.82818E-02  0.10042E-03  0.72586E-02  0.80882E-04
 2.75  0.89424E-02  0.35968E-04  0.77565E-02  0.22232E-04  0.93046E-02  0.11654E-03  0.80756E-02  0.92591E-04
 2.85  0.99768E-02  0.37147E-04  0.85674E-02  0.21261E-04  0.10414E-01  0.13482E-03  0.89489E-02  0.10565E-03
 2.95  0.11090E-01  0.37783E-04  0.94266E-02  0.19586E-04  0.11615E-01  0.15552E-03  0.98798E-02  0.12020E-03
 3.05  0.12285E-01  0.37740E-04  0.10335E-01  0.17094E-04  0.12911E-01  0.17892E-03  0.10870E-01  0.13638E-03
 3.15  0.13565E-01  0.36865E-04  0.11292E-01  0.13662E-04  0.14308E-01  0.20531E-03  0.11921E-01  0.15434E-03
 3.25  0.14934E-01  0.34982E-04  0.12300E-01  0.91544E-05  0.15812E-01  0.23504E-03  0.13035E-01  0.17424E-03
 3.35  0.16393E-01  0.31894E-04  0.13358E-01  0.34274E-05  0.17426E-01  0.26849E-03  0.14213E-01  0.19627E-03
 3.45  0.17947E-01  0.27376E-04  0.14466E-01 -0.36753E-05  0.19156E-01  0.30607E-03  0.15456E-01  0.22062E-03
 3.55  0.19598E-01  0.21179E-04  0.15625E-01 -0.12322E-04  0.21009E-01  0.34822E-03  0.16768E-01  0.24749E-03
 3.65  0.21349E-01  0.13020E-04  0.16835E-01 -0.22692E-04  0.22989E-01  0.39545E-03  0.18148E-01  0.27710E-03
 3.75  0.23203E-01  0.25799E-05  0.18097E-01 -0.34981E-04  0.25103E-01  0.44832E-03  0.19599E-01  0.30970E-03
 3.85  0.25164E-01 -0.10495E-04  0.19410E-01 -0.49397E-04  0.27356E-01  0.50741E-03  0.21122E-01  0.34554E-03
 3.95  0.27233E-01 -0.26605E-04  0.20774E-01 -0.66164E-04  0.29756E-01  0.57341E-03  0.22721E-01  0.38491E-03
 4.05  0.29414E-01 -0.46195E-04  0.22190E-01 -0.85522E-04  0.32309E-01  0.64704E-03  0.24395E-01  0.42808E-03
 4.15  0.31710E-01 -0.69763E-04  0.23658E-01 -0.10773E-03  0.35020E-01  0.72910E-03  0.26149E-01  0.47539E-03
 4.25  0.34122E-01 -0.97867E-04  0.25177E-01 -0.13306E-03  0.37899E-01  0.82049E-03  0.27982E-01  0.52717E-03
 4.35  0.36653E-01 -0.13113E-03  0.26747E-01 -0.16180E-03  0.40951E-01  0.92216E-03  0.29898E-01  0.58378E-03
 4.45  0.39306E-01 -0.17024E-03  0.28369E-01 -0.19429E-03  0.44185E-01  0.10352E-02  0.31899E-01  0.64563E-03
 4.55  0.42082E-01 -0.21598E-03  0.30042E-01 -0.23085E-03  0.47608E-01  0.11608E-02  0.33987E-01  0.71311E-03
 4.65  0.44984E-01 -0.26922E-03  0.31766E-01 -0.27184E-03  0.51228E-01  0.13002E-02  0.36164E-01  0.78669E-03
 4.75  0.48014E-01 -0.33091E-03  0.33541E-01 -0.31767E-03  0.55053E-01  0.14548E-02  0.38433E-01  0.86684E-03
 4.85  0.51172E-01 -0.40214E-03  0.35367E-01 -0.36874E-03  0.59093E-01  0.16263E-02  0.40796E-01  0.95407E-03
 4.95  0.54460E-01 -0.48410E-03  0.37242E-01 -0.42550E-03  0.63356E-01  0.18162E-02  0.43256E-01  0.10489E-02
 5.05  0.57879E-01 -0.57814E-03  0.39168E-01 -0.48844E-03  0.67852E-01  0.20267E-02  0.45816E-01  0.11520E-02
 5.15  0.61431E-01 -0.68576E-03  0.41142E-01 -0.55807E-03  0.72591E-01  0.22596E-02  0.48477E-01  0.12639E-02
 5.25  0.65115E-01 -0.80864E-03  0.43166E-01 -0.63494E-03  0.77582E-01  0.25173E-02  0.51244E-01  0.13854E-02
 5.35  0.68932E-01 -0.94864E-03  0.45237E-01 -0.71965E-03  0.82836E-01  0.28025E-02  0.54119E-01  0.15171E-02
 5.45  0.72881E-01 -0.11079E-02  0.47356E-01 -0.81283E-03  0.88365E-01  0.31178E-02  0.57106E-01  0.16598E-02
 5.55  0.76963E-01 -0.12886E-02  0.49522E-01 -0.91517E-03  0.94180E-01  0.34664E-02  0.60206E-01  0.18143E-02
 5.65  0.81176E-01 -0.14936E-02  0.51733E-01 -0.10274E-02  0.10029E+00  0.38517E-02  0.63424E-01  0.19815E-02
 5.75  0.85519E-01 -0.17257E-02  0.53989E-01 -0.11503E-02  0.10672E+00  0.42775E-02  0.66763E-01  0.21624E-02
 5.85  0.89991E-01 -0.19882E-02  0.56289E-01 -0.12847E-02  0.11347E+00  0.47482E-02  0.70227E-01  0.23579E-02
 5.95  0.94589E-01 -0.22849E-02  0.58630E-01 -0.14316E-02  0.12055E+00  0.52683E-02  0.73818E-01  0.25692E-02
 6.05  0.99311E-01 -0.26198E-02  0.61013E-01 -0.15918E-02  0.12800E+00  0.58432E-02  0.77540E-01  0.27973E-02
 6.15  0.10415E+00 -0.29978E-02  0.63435E-01 -0.17665E-02  0.13581E+00  0.64787E-02  0.81396E-01  0.30435E-02
 6.25  0.10911E+00 -0.34241E-02  0.65894E-01 -0.19567E-02  0.14400E+00  0.71812E-02  0.85391E-01  0.33090E-02
 6.35  0.11418E+00 -0.39047E-02  0.68389E-01 -0.21636E-02  0.15261E+00  0.79582E-02  0.89528E-01  0.35953E-02
 6.45  0.11936E+00 -0.44464E-02  0.70917E-01 -0.23885E-02  0.16163E+00  0.88178E-02  0.93811E-01  0.39039E-02
 6.55  0.12464E+00 -0.50569E-02  0.73476E-01 -0.26327E-02  0.17110E+00  0.97691E-02  0.98243E-01  0.42362E-02
 6.65  0.13001E+00 -0.57447E-02  0.76064E-01 -0.28977E-02  0.18104E+00  0.10823E-01  0.10283E+00  0.45939E-02
 6.75  0.13548E+00 -0.65200E-02  0.78677E-01 -0.31850E-02  0.19146E+00  0.11990E-01  0.10757E+00  0.49788E-02
 6.85  0.14102E+00 -0.73939E-02  0.81313E-01 -0.34962E-02  0.20240E+00  0.13284E-01  0.11247E+00  0.53926E-02
 6.95  0.14663E+00 -0.83793E-02  0.83968E-01 -0.38329E-02  0.21389E+00  0.14720E-01  0.11753E+00  0.58373E-02
 7.05  0.15230E+00 -0.94910E-02  0.86639E-01 -0.41970E-02  0.22594E+00  0.16315E-01  0.12276E+00  0.63150E-02
 7.15  0.15803E+00 -0.10746E-01  0.89322E-01 -0.45903E-02  0.23860E+00  0.18089E-01  0.12816E+00  0.68275E-02
 7.25  0.16378E+00 -0.12163E-01  0.92013E-01 -0.50147E-02  0.25189E+00  0.20063E-01  0.13373E+00  0.73772E-02
 7.35  0.16957E+00 -0.13765E-01  0.94707E-01 -0.54723E-02  0.26587E+00  0.22262E-01  0.13948E+00  0.79663E-02
 7.45  0.17536E+00 -0.15578E-01  0.97400E-01 -0.59650E-02  0.28055E+00  0.24716E-01  0.14540E+00  0.85969E-02
 7.55  0.18114E+00 -0.17632E-01  0.10009E+00 -0.64950E-02  0.29600E+00  0.27457E-01  0.15150E+00  0.92714E-02
 7.65  0.18689E+00 -0.19961E-01  0.10276E+00 -0.70643E-02  0.31226E+00  0.30525E-01  0.15778E+00  0.99921E-02
 7.75  0.19261E+00 -0.22605E-01  0.10542E+00 -0.76749E-02  0.32938E+00  0.33965E-01  0.16423E+00  0.10761E-01
 7.85  0.19825E+00 -0.25611E-01  0.10806E+00 -0.83288E-02  0.34742E+00  0.37826E-01  0.17087E+00  0.11581E-01
 7.95  0.20381E+00 -0.29036E-01  0.11067E+00 -0.90279E-02  0.36645E+00  0.42171E-01  0.17769E+00  0.12453E-01
 8.05  0.20926E+00 -0.32942E-01  0.11325E+00 -0.97738E-02  0.38652E+00  0.47069E-01  0.18468E+00  0.13379E-01
 8.15  0.21457E+00 -0.37405E-01  0.11578E+00 -0.10568E-01  0.40771E+00  0.52603E-01  0.19184E+00  0.14361E-01
 8.25  0.21973E+00 -0.42516E-01  0.11827E+00 -0.11411E-01  0.43011E+00  0.58870E-01  0.19918E+00  0.15400E-01
 8.35  0.22470E+00 -0.48378E-01  0.12070E+00 -0.12304E-01  0.45380E+00  0.65984E-01  0.20668E+00  0.16496E-01
 8.45  0.22948E+00 -0.55117E-01  0.12306E+00 -0.13246E-01  0.47888E+00  0.74079E-01  0.21434E+00  0.17649E-01
 8.55  0.23406E+00 -0.62880E-01  0.12534E+00 -0.14236E-01  0.50544E+00  0.83318E-01  0.22216E+00  0.18857E-01
 8.65  0.23843E+00 -0.71838E-01  0.12749E+00 -0.15271E-01  0.53362E+00  0.93890E-01  0.23015E+00  0.20118E-01
 8.75  0.24263E+00 -0.82196E-01  0.12948E+00 -0.16346E-01  0.56353E+00  0.10603E+00  0.23832E+00  0.21425E-01
 8.85  0.24677E+00 -0.94189E-01  0.13121E+00 -0.17453E-01  0.59537E+00  0.12000E+00  0.24670E+00  0.22770E-01
 8.95  0.25012E+00 -0.10764E+00  0.13304E+00 -0.18782E-01  0.62710E+00  0.13546E+00  0.25608E+00  0.24373E-01
